service_id,date,exception_type
26,20251225,2
26,20251226,2
26,20260101,2
26,20260202,2
26,20260317,2
26,20260406,2
26,20260504,2
26,20260601,2
26,20260803,2
26,20261026,2
43,20260607,2
43,20260614,2
43,20260621,2
43,20260628,2
43,20260705,2
43,20260712,2
43,20260719,2
43,20260726,2
43,20260802,2
43,20260809,2
43,20260816,2
43,20260823,2
43,20260830,2
44,20260605,2
44,20260612,2
44,20260619,2
44,20260626,2
44,20260703,2
44,20260710,2
44,20260717,2
44,20260724,2
44,20260731,2
44,20260807,2
44,20260814,2
44,20260821,2
44,20260828,2
45,20260601,2
45,20260602,2
45,20260603,2
45,20260604,2
45,20260605,2
45,20260608,2
45,20260609,2
45,20260610,2
45,20260611,2
45,20260612,2
45,20260615,2
45,20260616,2
45,20260617,2
45,20260618,2
45,20260619,2
45,20260622,2
45,20260623,2
45,20260624,2
45,20260625,2
45,20260626,2
45,20260629,2
45,20260630,2
45,20260701,2
45,20260702,2
45,20260703,2
45,20260706,2
45,20260707,2
45,20260708,2
45,20260709,2
45,20260710,2
45,20260713,2
45,20260714,2
45,20260715,2
45,20260716,2
45,20260717,2
45,20260720,2
45,20260721,2
45,20260722,2
45,20260723,2
45,20260724,2
45,20260727,2
45,20260728,2
45,20260729,2
45,20260730,2
45,20260731,2
45,20260803,2
45,20260804,2
45,20260805,2
45,20260806,2
45,20260807,2
45,20260810,2
45,20260811,2
45,20260812,2
45,20260813,2
45,20260814,2
45,20260817,2
45,20260818,2
45,20260819,2
45,20260820,2
45,20260821,2
45,20260824,2
45,20260825,2
45,20260826,2
45,20260827,2
45,20260828,2
45,20260831,2
46,20260601,2
46,20260602,2
46,20260603,2
46,20260604,2
46,20260608,2
46,20260609,2
46,20260610,2
46,20260611,2
46,20260615,2
46,20260616,2
46,20260617,2
46,20260618,2
46,20260622,2
46,20260623,2
46,20260624,2
46,20260625,2
46,20260629,2
46,20260630,2
46,20260701,2
46,20260702,2
46,20260706,2
46,20260707,2
46,20260708,2
46,20260709,2
46,20260713,2
46,20260714,2
46,20260715,2
46,20260716,2
46,20260720,2
46,20260721,2
46,20260722,2
46,20260723,2
46,20260727,2
46,20260728,2
46,20260729,2
46,20260730,2
46,20260803,2
46,20260804,2
46,20260805,2
46,20260806,2
46,20260810,2
46,20260811,2
46,20260812,2
46,20260813,2
46,20260817,2
46,20260818,2
46,20260819,2
46,20260820,2
46,20260824,2
46,20260825,2
46,20260826,2
46,20260827,2
46,20260831,2
47,20251225,1
47,20251226,1
47,20260101,1
47,20260202,1
47,20260317,1
47,20260406,1
47,20260504,1
47,20261026,1
49,20251225,2
49,20251226,2
49,20260101,2
49,20260202,2
49,20260317,2
49,20260406,2
49,20260504,2
49,20260601,2
49,20260602,2
49,20260603,2
49,20260604,2
49,20260605,2
49,20260608,2
49,20260609,2
49,20260610,2
49,20260611,2
49,20260612,2
49,20260615,2
49,20260616,2
49,20260617,2
49,20260618,2
49,20260619,2
49,20260622,2
49,20260623,2
49,20260624,2
49,20260625,2
49,20260626,2
49,20260629,2
49,20260630,2
49,20260701,2
49,20260702,2
49,20260703,2
49,20260706,2
49,20260707,2
49,20260708,2
49,20260709,2
49,20260710,2
49,20260713,2
49,20260714,2
49,20260715,2
49,20260716,2
49,20260717,2
49,20260720,2
49,20260721,2
49,20260722,2
49,20260723,2
49,20260724,2
49,20260727,2
49,20260728,2
49,20260729,2
49,20260730,2
49,20260731,2
49,20260803,2
49,20260804,2
49,20260805,2
49,20260806,2
49,20260807,2
49,20260810,2
49,20260811,2
49,20260812,2
49,20260813,2
49,20260814,2
49,20260817,2
49,20260818,2
49,20260819,2
49,20260820,2
49,20260821,2
49,20260824,2
49,20260825,2
49,20260826,2
49,20260827,2
49,20260828,2
49,20260831,2
49,20261026,2
50,20251226,2
50,20260605,2
50,20260612,2
50,20260619,2
50,20260626,2
50,20260703,2
50,20260710,2
50,20260717,2
50,20260724,2
50,20260731,2
50,20260807,2
50,20260814,2
50,20260821,2
50,20260828,2
52,20251225,1
52,20251226,1
52,20260101,1
52,20260202,1
52,20260317,1
52,20260406,1
52,20260504,1
52,20260607,2
52,20260614,2
52,20260621,2
52,20260628,2
52,20260705,2
52,20260712,2
52,20260719,2
52,20260726,2
52,20260802,2
52,20260809,2
52,20260816,2
52,20260823,2
52,20260830,2
52,20261026,1
53,20260601,2
53,20260608,2
53,20260615,2
53,20260622,2
53,20260629,2
53,20260706,2
53,20260713,2
53,20260720,2
53,20260727,2
53,20260803,2
53,20260810,2
53,20260817,2
53,20260824,2
53,20260831,2
54,20260602,2
54,20260603,2
54,20260604,2
54,20260605,2
54,20260609,2
54,20260610,2
54,20260611,2
54,20260612,2
54,20260616,2
54,20260617,2
54,20260618,2
54,20260619,2
54,20260623,2
54,20260624,2
54,20260625,2
54,20260626,2
54,20260630,2
54,20260701,2
54,20260702,2
54,20260703,2
54,20260707,2
54,20260708,2
54,20260709,2
54,20260710,2
54,20260714,2
54,20260715,2
54,20260716,2
54,20260717,2
54,20260721,2
54,20260722,2
54,20260723,2
54,20260724,2
54,20260728,2
54,20260729,2
54,20260730,2
54,20260731,2
54,20260804,2
54,20260805,2
54,20260806,2
54,20260807,2
54,20260811,2
54,20260812,2
54,20260813,2
54,20260814,2
54,20260818,2
54,20260819,2
54,20260820,2
54,20260821,2
54,20260825,2
54,20260826,2
54,20260827,2
54,20260828,2
55,20260202,1
55,20260406,1
55,20260504,1
55,20261026,1
62,20251208,1
62,20251209,1
62,20251210,1
62,20251211,1
62,20251215,1
62,20251216,1
62,20251217,1
62,20251218,1
62,20251222,1
62,20251223,1
62,20251224,1
63,20251225,2
63,20251226,2
63,20260101,2
63,20260202,2
63,20260317,2
63,20260406,2
63,20260504,2
63,20260601,2
63,20260803,2
63,20261026,2
64,20251225,1
64,20251226,1
64,20260101,1
64,20260202,1
64,20260317,1
64,20260406,1
64,20260504,1
64,20260601,1
64,20260803,1
64,20261026,1
65,20251226,2
66,20260606,2
66,20260613,2
66,20260620,2
66,20260627,2
66,20260704,2
66,20260711,2
66,20260718,2
66,20260725,2
66,20260801,2
66,20260808,2
66,20260815,2
66,20260822,2
66,20260829,2
66,20260905,2
66,20260912,2
66,20260919,2
66,20260926,2
67,20260602,1
67,20260603,1
67,20260604,1
67,20260605,1
67,20260608,1
67,20260609,1
67,20260610,1
67,20260611,1
67,20260612,1
67,20260615,1
67,20260616,1
67,20260617,1
67,20260618,1
67,20260619,1
67,20260622,1
67,20260623,1
67,20260624,1
67,20260625,1
67,20260626,1
67,20260629,1
67,20260630,1
67,20260701,1
67,20260702,1
67,20260703,1
67,20260706,1
67,20260707,1
67,20260708,1
67,20260709,1
67,20260710,1
67,20260713,1
67,20260714,1
67,20260715,1
67,20260716,1
67,20260717,1
67,20260720,1
67,20260721,1
67,20260722,1
67,20260723,1
67,20260724,1
67,20260727,1
67,20260728,1
67,20260729,1
67,20260730,1
67,20260731,1
67,20260804,1
67,20260805,1
67,20260806,1
67,20260807,1
67,20260810,1
67,20260811,1
67,20260812,1
67,20260813,1
67,20260814,1
67,20260817,1
67,20260818,1
67,20260819,1
67,20260820,1
67,20260821,1
67,20260824,1
67,20260825,1
67,20260826,1
67,20260827,1
67,20260828,1
67,20260831,1
67,20260901,1
67,20260902,1
67,20260903,1
67,20260904,1
67,20260907,1
67,20260908,1
67,20260909,1
67,20260910,1
67,20260911,1
67,20260914,1
67,20260915,1
67,20260916,1
67,20260917,1
67,20260918,1
67,20260921,1
67,20260922,1
67,20260923,1
67,20260924,1
67,20260925,1
67,20260928,1
67,20260929,1
67,20260930,1
68,20260606,1
68,20260613,1
68,20260620,1
68,20260627,1
68,20260704,1
68,20260711,1
68,20260718,1
68,20260725,1
68,20260801,1
68,20260808,1
68,20260815,1
68,20260822,1
68,20260829,1
68,20260905,1
68,20260912,1
68,20260919,1
68,20260926,1
69,20260607,1
69,20260614,1
69,20260621,1
69,20260628,1
69,20260705,1
69,20260712,1
69,20260719,1
69,20260726,1
69,20260802,1
69,20260809,1
69,20260816,1
69,20260823,1
69,20260830,1
69,20260906,1
69,20260913,1
69,20260920,1
69,20260927,1
70,20260601,1
70,20260803,1
71,20251225,2
71,20251226,2
71,20260101,2
71,20260202,2
71,20260317,2
71,20260406,2
71,20260504,2
71,20260601,2
71,20260602,2
71,20260603,2
71,20260604,2
71,20260605,2
71,20260608,2
71,20260609,2
71,20260610,2
71,20260611,2
71,20260612,2
71,20260615,2
71,20260616,2
71,20260617,2
71,20260618,2
71,20260619,2
71,20260622,2
71,20260623,2
71,20260624,2
71,20260625,2
71,20260626,2
71,20260629,2
71,20260630,2
71,20260701,2
71,20260702,2
71,20260703,2
71,20260706,2
71,20260707,2
71,20260708,2
71,20260709,2
71,20260710,2
71,20260713,2
71,20260714,2
71,20260715,2
71,20260716,2
71,20260717,2
71,20260720,2
71,20260721,2
71,20260722,2
71,20260723,2
71,20260724,2
71,20260727,2
71,20260728,2
71,20260729,2
71,20260730,2
71,20260731,2
71,20260803,2
71,20260804,2
71,20260805,2
71,20260806,2
71,20260807,2
71,20260810,2
71,20260811,2
71,20260812,2
71,20260813,2
71,20260814,2
71,20260817,2
71,20260818,2
71,20260819,2
71,20260820,2
71,20260821,2
71,20260824,2
71,20260825,2
71,20260826,2
71,20260827,2
71,20260828,2
71,20260831,2
71,20260901,2
71,20260902,2
71,20260903,2
71,20260904,2
71,20260907,2
71,20260908,2
71,20260909,2
71,20260910,2
71,20260911,2
71,20260914,2
71,20260915,2
71,20260916,2
71,20260917,2
71,20260918,2
71,20260921,2
71,20260922,2
71,20260923,2
71,20260924,2
71,20260925,2
71,20260928,2
71,20260929,2
71,20260930,2
71,20261026,2
72,20260607,2
72,20260614,2
72,20260621,2
72,20260628,2
72,20260705,2
72,20260712,2
72,20260719,2
72,20260726,2
72,20260802,2
72,20260809,2
72,20260816,2
72,20260823,2
72,20260830,2
72,20260906,2
72,20260913,2
72,20260920,2
72,20260927,2
75,20251225,2
75,20251226,2
75,20260101,2
75,20260102,2
75,20260105,2
75,20260106,2
75,20260107,2
75,20260108,2
75,20260109,2
75,20260112,2
75,20260113,2
75,20260114,2
75,20260115,2
75,20260116,2
75,20260119,2
75,20260120,2
75,20260121,2
75,20260122,2
75,20260123,2
75,20260126,2
75,20260127,2
75,20260128,2
75,20260129,2
75,20260130,2
75,20260202,2
75,20260203,2
75,20260204,2
75,20260205,2
75,20260206,2
75,20260209,2
75,20260210,2
75,20260211,2
75,20260212,2
75,20260213,2
75,20260216,2
75,20260217,2
75,20260218,2
75,20260219,2
75,20260220,2
75,20260223,2
75,20260224,2
75,20260225,2
75,20260226,2
75,20260227,2
75,20260302,2
75,20260303,2
75,20260304,2
75,20260305,2
75,20260306,2
75,20260309,2
75,20260310,2
75,20260311,2
75,20260312,2
75,20260313,2
75,20260316,2
75,20260317,2
75,20260318,2
75,20260319,2
75,20260320,2
75,20260323,2
75,20260324,2
75,20260325,2
75,20260326,2
75,20260327,2
75,20260330,2
75,20260331,2
75,20260406,2
75,20260504,2
75,20260601,2
75,20260803,2
75,20261026,2
76,20260103,2
76,20260110,2
76,20260117,2
76,20260124,2
76,20260131,2
76,20260207,2
76,20260214,2
76,20260221,2
76,20260228,2
76,20260307,2
76,20260314,2
76,20260321,2
76,20260328,2
81,20251222,2
81,20251229,2
81,20260202,2
81,20260216,2
81,20260330,2
81,20260406,2
82,20251223,2
82,20251230,2
82,20260217,2
82,20260317,2
82,20260331,2
82,20260407,2
83,20251224,2
83,20251231,2
83,20260218,2
83,20260401,2
83,20260408,2
84,20251225,2
84,20260101,2
84,20260219,2
84,20260402,2
84,20260409,2
85,20251226,2
85,20260102,2
85,20260220,2
85,20260403,2
85,20260410,2
86,20251223,1
86,20251230,1
86,20260217,1
86,20260331,1
86,20260407,1
87,20251224,1
87,20251231,1
87,20260218,1
87,20260401,1
87,20260408,1
88,20260219,1
88,20260402,1
88,20260409,1
89,20260102,1
89,20260220,1
89,20260403,1
89,20260410,1
90,20251222,1
90,20251229,1
90,20260216,1
90,20260330,1
92,20260202,1
92,20260406,1
93,20251226,1
94,20260101,1
95,20260317,1
106,20251122,2
107,20251226,2
107,20260202,2
107,20260317,2
107,20260406,2
107,20260504,2
107,20260601,2
107,20260803,2
107,20261026,2
115,20251110,1
115,20251111,1
115,20251112,1
115,20251113,1
115,20251114,1
115,20251117,1
115,20251118,1
115,20251119,1
115,20251120,1
115,20251121,1
115,20251124,1
115,20251125,1
115,20251126,1
115,20251127,1
115,20251128,1
115,20251201,1
115,20251202,1
115,20251203,1
115,20251204,1
115,20251205,1
115,20251208,1
115,20251209,1
115,20251210,1
115,20251211,1
115,20251212,1
115,20251215,1
115,20251216,1
115,20251217,1
115,20251218,1
115,20251219,1
115,20251222,1
115,20251223,1
115,20251224,1
115,20251225,1
115,20251226,1
115,20251229,1
115,20251230,1
115,20251231,1
115,20260101,1
115,20260102,1
115,20260105,1
115,20260106,1
115,20260107,1
115,20260108,1
115,20260109,1
115,20260112,1
115,20260113,1
115,20260114,1
115,20260115,1
115,20260116,1
115,20260119,1
115,20260120,1
115,20260121,1
115,20260122,1
115,20260123,1
115,20260126,1
115,20260127,1
115,20260128,1
115,20260129,1
115,20260130,1
115,20260202,1
115,20260203,1
115,20260204,1
115,20260205,1
115,20260206,1
115,20260209,1
115,20260210,1
115,20260211,1
115,20260212,1
115,20260213,1
115,20260216,1
115,20260217,1
115,20260218,1
115,20260219,1
115,20260220,1
115,20260223,1
115,20260224,1
115,20260225,1
115,20260226,1
115,20260227,1
115,20260302,1
115,20260303,1
115,20260304,1
115,20260305,1
115,20260306,1
115,20260309,1
115,20260310,1
115,20260311,1
115,20260312,1
115,20260313,1
115,20260316,1
115,20260317,1
115,20260318,1
115,20260319,1
115,20260320,1
115,20260323,1
115,20260324,1
115,20260325,1
115,20260326,1
115,20260327,1
115,20261102,1
115,20261103,1
115,20261104,1
115,20261105,1
115,20261106,1
115,20261109,1
115,20261110,1
115,20261111,1
117,20251114,1
117,20251121,1
117,20251128,1
117,20251205,1
117,20251212,1
117,20251219,1
117,20251226,1
117,20260102,1
117,20260109,1
117,20260116,1
117,20260123,1
117,20260130,1
117,20260206,1
117,20260213,1
117,20260220,1
117,20260227,1
117,20260306,1
117,20260313,1
117,20260320,1
117,20260327,1
117,20261106,1
118,20251115,1
118,20251116,1
118,20251122,1
118,20251123,1
118,20251129,1
118,20251130,1
118,20251206,1
118,20251207,1
118,20251213,1
118,20251214,1
118,20251220,1
118,20251221,1
118,20251227,1
118,20251228,1
118,20260103,1
118,20260104,1
118,20260110,1
118,20260111,1
118,20260117,1
118,20260118,1
118,20260124,1
118,20260125,1
118,20260131,1
118,20260201,1
118,20260207,1
118,20260208,1
118,20260214,1
118,20260215,1
118,20260221,1
118,20260222,1
118,20260228,1
118,20260301,1
118,20260307,1
118,20260308,1
118,20260314,1
118,20260315,1
118,20260321,1
118,20260322,1
118,20260328,1
118,20260329,1
118,20261101,1
118,20261107,1
118,20261108,1
119,20251225,1
119,20251226,1
119,20260101,1
119,20260202,1
119,20260317,1
121,20260701,1
121,20260702,1
121,20260703,1
121,20260706,1
121,20260707,1
121,20260708,1
121,20260709,1
121,20260710,1
121,20260713,1
121,20260714,1
121,20260715,1
121,20260716,1
121,20260717,1
121,20260720,1
121,20260721,1
121,20260722,1
121,20260723,1
121,20260724,1
121,20260727,1
121,20260728,1
121,20260729,1
121,20260730,1
121,20260731,1
121,20260803,1
121,20260804,1
121,20260805,1
121,20260806,1
121,20260807,1
121,20260810,1
121,20260811,1
121,20260812,1
121,20260813,1
121,20260814,1
121,20260817,1
121,20260818,1
121,20260819,1
121,20260820,1
121,20260821,1
121,20260824,1
121,20260825,1
121,20260826,1
121,20260827,1
121,20260828,1
121,20260831,1
122,20251110,1
122,20251111,1
122,20251112,1
122,20251113,1
122,20251114,1
122,20251115,1
122,20251116,1
122,20251117,1
122,20251118,1
122,20251119,1
122,20251120,1
122,20251121,1
122,20251122,1
122,20251123,1
122,20251124,1
122,20251125,1
122,20251126,1
122,20251127,1
122,20251128,1
122,20251129,1
122,20251130,1
122,20251201,1
122,20251202,1
122,20251203,1
122,20251204,1
122,20251205,1
122,20251206,1
122,20251207,1
122,20251208,1
122,20251209,1
122,20251210,1
122,20251211,1
122,20251212,1
122,20251213,1
122,20251214,1
122,20251215,1
122,20251216,1
122,20251217,1
122,20251218,1
122,20251219,1
122,20251220,1
122,20251221,1
122,20251222,1
122,20251223,1
122,20251224,1
122,20251225,1
122,20251226,1
122,20251227,1
122,20251228,1
122,20251229,1
122,20251230,1
122,20251231,1
122,20260101,1
122,20260102,1
122,20260103,1
122,20260104,1
122,20260105,1
122,20260106,1
122,20260107,1
122,20260108,1
122,20260109,1
122,20260110,1
122,20260111,1
122,20260112,1
122,20260113,1
122,20260114,1
122,20260115,1
122,20260116,1
122,20260117,1
122,20260118,1
122,20260119,1
122,20260120,1
122,20260121,1
122,20260122,1
122,20260123,1
122,20260124,1
122,20260125,1
122,20260126,1
122,20260127,1
122,20260128,1
122,20260129,1
122,20260130,1
122,20260131,1
122,20260201,1
122,20260202,1
122,20260203,1
122,20260204,1
122,20260205,1
122,20260206,1
122,20260207,1
122,20260208,1
122,20260209,1
122,20260210,1
122,20260211,1
122,20260212,1
122,20260213,1
122,20260214,1
122,20260215,1
122,20260216,1
122,20260217,1
122,20260218,1
122,20260219,1
122,20260220,1
122,20260221,1
122,20260222,1
122,20260223,1
122,20260224,1
122,20260225,1
122,20260226,1
122,20260227,1
122,20260228,1
122,20260301,1
122,20260302,1
122,20260303,1
122,20260304,1
122,20260305,1
122,20260306,1
122,20260307,1
122,20260308,1
122,20260309,1
122,20260310,1
122,20260311,1
122,20260312,1
122,20260313,1
122,20260314,1
122,20260315,1
122,20260316,1
122,20260317,1
122,20260318,1
122,20260319,1
122,20260320,1
122,20260321,1
122,20260322,1
122,20260323,1
122,20260324,1
122,20260325,1
122,20260326,1
122,20260327,1
122,20260328,1
122,20260329,1
122,20261101,1
122,20261102,1
122,20261103,1
122,20261104,1
122,20261105,1
122,20261106,1
122,20261107,1
122,20261108,1
122,20261109,1
122,20261110,1
122,20261111,1
123,20260317,1
123,20260406,1
123,20260504,1
123,20260601,1
123,20260803,1
123,20261026,1
127,20251224,2
129,20251226,2
130,20251224,1
133,20260202,2
133,20260406,2
134,20260317,2
139,20260101,1
140,20260202,1
140,20260317,1
140,20260406,1
141,20251216,1
141,20251223,1
141,20260324,1
141,20260331,1
141,20260407,1
141,20260414,1
141,20260421,1
142,20251217,1
142,20260325,1
142,20260401,1
142,20260408,1
142,20260415,1
142,20260422,1
143,20251218,1
143,20260326,1
143,20260402,1
143,20260409,1
143,20260416,1
143,20260423,1
144,20251227,2
144,20260103,2
144,20260110,2
144,20260117,2
144,20260124,2
144,20260207,2
144,20260214,2
144,20260221,2
144,20260307,2
144,20260314,2
145,20251121,1
145,20251128,1
145,20251205,1
145,20251212,1
145,20251219,1
145,20260327,1
145,20260403,1
145,20260410,1
145,20260417,1
145,20260424,1
146,20251217,2
147,20251216,2
147,20251223,2
148,20251215,2
148,20251222,2
148,20260202,2
149,20251121,2
149,20251128,2
149,20251205,2
149,20251212,2
149,20251219,2
149,20251226,2
150,20251218,2
150,20251225,2
150,20260101,2
151,20251215,1
151,20251222,1
151,20260323,1
151,20260330,1
151,20260413,1
151,20260420,1
152,20260131,2
152,20260228,2
153,20251226,1
153,20260101,1
153,20260202,1
153,20260317,1
153,20260406,1
154,20251226,2
155,20251224,2
155,20251225,2
155,20251226,2
155,20260101,2
155,20260202,2
155,20260317,2
155,20260406,2
155,20260504,2
155,20260601,2
155,20260803,2
155,20261026,2
164,20251225,2
164,20251226,2
164,20260101,2
164,20260202,2
164,20260317,2
164,20260406,2
164,20260504,2
164,20260601,2
164,20260803,2
164,20261026,2
166,20251225,2
166,20251226,2
166,20260101,2
166,20260202,2
166,20260317,2
166,20260406,2
166,20260504,2
166,20260601,2
166,20260803,2
166,20261026,2
167,20260202,2
167,20260406,2
167,20260504,2
167,20260601,2
167,20260803,2
167,20261026,2
168,20251225,1
168,20251226,1
168,20260101,1
168,20260202,1
168,20260317,1
168,20260406,1
168,20260504,1
168,20260601,1
168,20260803,1
168,20261026,1
169,20251225,2
169,20260101,2
170,20260317,2
171,20251225,2
174,20251226,2
175,20260202,2
175,20260406,2
175,20260504,2
175,20260601,2
175,20260803,2
175,20261026,2
176,20251225,1
176,20251226,1
176,20260101,1
176,20260202,1
176,20260317,1
176,20260406,1
176,20260504,1
176,20260601,1
176,20260803,1
176,20261026,1
177,20251225,2
177,20260101,2
178,20260317,2
180,20251226,2
180,20260410,2
180,20260605,2
180,20260612,2
180,20260619,2
180,20260626,2
180,20260703,2
180,20260710,2
180,20260717,2
180,20260724,2
180,20260731,2
180,20260807,2
180,20260814,2
180,20260821,2
180,20260828,2
180,20261030,2
181,20251222,2
181,20260202,2
181,20260406,2
181,20260504,2
181,20260601,2
181,20260608,2
181,20260615,2
181,20260622,2
181,20260629,2
181,20260706,2
181,20260713,2
181,20260720,2
181,20260727,2
181,20260803,2
181,20260810,2
181,20260817,2
181,20260824,2
181,20260831,2
181,20261026,2
182,20251225,2
182,20260101,2
182,20260409,2
182,20260604,2
182,20260611,2
182,20260618,2
182,20260625,2
182,20260702,2
182,20260709,2
182,20260716,2
182,20260723,2
182,20260730,2
182,20260806,2
182,20260813,2
182,20260820,2
182,20260827,2
182,20261029,2
183,20251223,2
183,20260317,2
183,20260407,2
183,20260602,2
183,20260609,2
183,20260616,2
183,20260623,2
183,20260630,2
183,20260707,2
183,20260714,2
183,20260721,2
183,20260728,2
183,20260804,2
183,20260811,2
183,20260818,2
183,20260825,2
183,20261027,2
184,20251224,2
184,20260408,2
184,20260603,2
184,20260610,2
184,20260617,2
184,20260624,2
184,20260701,2
184,20260708,2
184,20260715,2
184,20260722,2
184,20260729,2
184,20260805,2
184,20260812,2
184,20260819,2
184,20260826,2
184,20261028,2
185,20260202,1
185,20260317,1
185,20260406,1
185,20260504,1
185,20260601,1
185,20260803,1
185,20261026,1
186,20251225,1
186,20260101,1
186,20260202,1
186,20260317,1
186,20260406,1
186,20260504,1
186,20260601,1
186,20260803,1
186,20261026,1
187,20260501,1
187,20260508,1
187,20260515,1
187,20260522,1
187,20260529,1
187,20260605,1
187,20260612,1
187,20260619,1
187,20260626,1
187,20260703,1
187,20260710,1
187,20260717,1
187,20260724,1
187,20260731,1
187,20260807,1
187,20260814,1
187,20260821,1
187,20260828,1
187,20260904,1
187,20260911,1
187,20260918,1
187,20260925,1
188,20260511,1
188,20260518,1
188,20260525,1
188,20260608,1
188,20260615,1
188,20260622,1
188,20260629,1
188,20260706,1
188,20260713,1
188,20260720,1
188,20260727,1
188,20260810,1
188,20260817,1
188,20260824,1
188,20260831,1
188,20260907,1
188,20260914,1
188,20260921,1
188,20260928,1
189,20260502,1
189,20260509,1
189,20260516,1
189,20260523,1
189,20260530,1
189,20260606,1
189,20260613,1
189,20260620,1
189,20260627,1
189,20260704,1
189,20260711,1
189,20260718,1
189,20260725,1
189,20260801,1
189,20260808,1
189,20260815,1
189,20260822,1
189,20260829,1
189,20260905,1
189,20260912,1
189,20260919,1
189,20260926,1
190,20260503,1
190,20260504,1
190,20260510,1
190,20260517,1
190,20260524,1
190,20260531,1
190,20260601,1
190,20260607,1
190,20260614,1
190,20260621,1
190,20260628,1
190,20260705,1
190,20260712,1
190,20260719,1
190,20260726,1
190,20260802,1
190,20260803,1
190,20260809,1
190,20260816,1
190,20260823,1
190,20260830,1
190,20260906,1
190,20260913,1
190,20260920,1
190,20260927,1
191,20260507,1
191,20260514,1
191,20260521,1
191,20260528,1
191,20260604,1
191,20260611,1
191,20260618,1
191,20260625,1
191,20260702,1
191,20260709,1
191,20260716,1
191,20260723,1
191,20260730,1
191,20260806,1
191,20260813,1
191,20260820,1
191,20260827,1
191,20260903,1
191,20260910,1
191,20260917,1
191,20260924,1
192,20260505,1
192,20260512,1
192,20260519,1
192,20260526,1
192,20260602,1
192,20260609,1
192,20260616,1
192,20260623,1
192,20260630,1
192,20260707,1
192,20260714,1
192,20260721,1
192,20260728,1
192,20260804,1
192,20260811,1
192,20260818,1
192,20260825,1
192,20260901,1
192,20260908,1
192,20260915,1
192,20260922,1
192,20260929,1
193,20260506,1
193,20260513,1
193,20260520,1
193,20260527,1
193,20260603,1
193,20260610,1
193,20260617,1
193,20260624,1
193,20260701,1
193,20260708,1
193,20260715,1
193,20260722,1
193,20260729,1
193,20260805,1
193,20260812,1
193,20260819,1
193,20260826,1
193,20260902,1
193,20260909,1
193,20260916,1
193,20260923,1
193,20260930,1
194,20251226,2
194,20260501,2
194,20260508,2
194,20260515,2
194,20260522,2
194,20260529,2
194,20260605,2
194,20260612,2
194,20260619,2
194,20260626,2
194,20260703,2
194,20260710,2
194,20260717,2
194,20260724,2
194,20260731,2
194,20260807,2
194,20260814,2
194,20260821,2
194,20260828,2
194,20260904,2
194,20260911,2
194,20260918,2
194,20260925,2
195,20260202,2
195,20260406,2
195,20260504,2
195,20260511,2
195,20260518,2
195,20260525,2
195,20260601,2
195,20260608,2
195,20260615,2
195,20260622,2
195,20260629,2
195,20260706,2
195,20260713,2
195,20260720,2
195,20260727,2
195,20260803,2
195,20260810,2
195,20260817,2
195,20260824,2
195,20260831,2
195,20260907,2
195,20260914,2
195,20260921,2
195,20260928,2
195,20261026,2
196,20260502,2
196,20260509,2
196,20260516,2
196,20260523,2
196,20260530,2
196,20260606,2
196,20260613,2
196,20260620,2
196,20260627,2
196,20260704,2
196,20260711,2
196,20260718,2
196,20260725,2
196,20260801,2
196,20260808,2
196,20260815,2
196,20260822,2
196,20260829,2
196,20260905,2
196,20260912,2
196,20260919,2
196,20260926,2
197,20251225,1
197,20251226,1
197,20260101,1
197,20260202,1
197,20260317,1
197,20260406,1
197,20260503,2
197,20260504,1
197,20260510,2
197,20260517,2
197,20260524,2
197,20260531,2
197,20260601,1
197,20260607,2
197,20260614,2
197,20260621,2
197,20260628,2
197,20260705,2
197,20260712,2
197,20260719,2
197,20260726,2
197,20260802,2
197,20260803,1
197,20260809,2
197,20260816,2
197,20260823,2
197,20260830,2
197,20260906,2
197,20260913,2
197,20260920,2
197,20260927,2
197,20261026,1
198,20251225,2
198,20260101,2
198,20260507,2
198,20260514,2
198,20260521,2
198,20260528,2
198,20260604,2
198,20260611,2
198,20260618,2
198,20260625,2
198,20260702,2
198,20260709,2
198,20260716,2
198,20260723,2
198,20260730,2
198,20260806,2
198,20260813,2
198,20260820,2
198,20260827,2
198,20260903,2
198,20260910,2
198,20260917,2
198,20260924,2
199,20260317,2
199,20260505,2
199,20260512,2
199,20260519,2
199,20260526,2
199,20260602,2
199,20260609,2
199,20260616,2
199,20260623,2
199,20260630,2
199,20260707,2
199,20260714,2
199,20260721,2
199,20260728,2
199,20260804,2
199,20260811,2
199,20260818,2
199,20260825,2
199,20260901,2
199,20260908,2
199,20260915,2
199,20260922,2
199,20260929,2
200,20260506,2
200,20260513,2
200,20260520,2
200,20260527,2
200,20260603,2
200,20260610,2
200,20260617,2
200,20260624,2
200,20260701,2
200,20260708,2
200,20260715,2
200,20260722,2
200,20260729,2
200,20260805,2
200,20260812,2
200,20260819,2
200,20260826,2
200,20260902,2
200,20260909,2
200,20260916,2
200,20260923,2
200,20260930,2
201,20260705,1
201,20260712,1
201,20260719,1
201,20260726,1
201,20260802,1
201,20260803,1
201,20260809,1
201,20260816,1
201,20260823,1
201,20260830,1
203,20260413,1
203,20260420,1
203,20260427,1
203,20260511,1
203,20260518,1
203,20260525,1
203,20260608,1
203,20260615,1
203,20260622,1
203,20260629,1
203,20260706,1
203,20260713,1
203,20260720,1
203,20260727,1
203,20260810,1
203,20260817,1
203,20260824,1
203,20260831,1
203,20260907,1
203,20260914,1
203,20260921,1
203,20260928,1
205,20260406,1
205,20260504,1
205,20260601,1
205,20260803,1
209,20251114,1
209,20251121,1
209,20251128,1
209,20251205,1
209,20251212,1
209,20251219,1
209,20260102,1
209,20260109,1
209,20260116,1
209,20260123,1
209,20260130,1
209,20260206,1
209,20260213,1
209,20260220,1
209,20260227,1
209,20260306,1
209,20260313,1
209,20260320,1
209,20260327,1
209,20261002,1
209,20261009,1
209,20261016,1
209,20261023,1
209,20261030,1
209,20261106,1
210,20251110,1
210,20251117,1
210,20251124,1
210,20251201,1
210,20251208,1
210,20251215,1
210,20251222,1
210,20251229,1
210,20260105,1
210,20260112,1
210,20260119,1
210,20260126,1
210,20260209,1
210,20260216,1
210,20260223,1
210,20260302,1
210,20260309,1
210,20260316,1
210,20260323,1
210,20260330,1
210,20261005,1
210,20261012,1
210,20261019,1
210,20261102,1
210,20261109,1
211,20260404,2
211,20260411,2
211,20260418,2
211,20260425,2
211,20260502,2
211,20260509,2
211,20260516,2
211,20260523,2
211,20260530,2
211,20260606,2
211,20260613,2
211,20260620,2
211,20260627,2
211,20260704,2
211,20260711,2
211,20260718,2
211,20260725,2
211,20260801,2
211,20260808,2
211,20260815,2
211,20260822,2
211,20260829,2
211,20260905,2
211,20260912,2
211,20260919,2
211,20260926,2
212,20251225,1
212,20251226,1
212,20260101,1
212,20260202,1
212,20260317,1
212,20260405,2
212,20260406,1
212,20260412,2
212,20260419,2
212,20260426,2
212,20260503,2
212,20260504,1
212,20260510,2
212,20260517,2
212,20260524,2
212,20260531,2
212,20260601,1
212,20260607,2
212,20260614,2
212,20260621,2
212,20260628,2
212,20260705,2
212,20260712,2
212,20260719,2
212,20260726,2
212,20260802,2
212,20260803,1
212,20260809,2
212,20260816,2
212,20260823,2
212,20260830,2
212,20260906,2
212,20260913,2
212,20260920,2
212,20260927,2
212,20261026,1
213,20251113,1
213,20251120,1
213,20251127,1
213,20251204,1
213,20251211,1
213,20251218,1
213,20260108,1
213,20260115,1
213,20260122,1
213,20260129,1
213,20260205,1
213,20260212,1
213,20260219,1
213,20260226,1
213,20260305,1
213,20260312,1
213,20260319,1
213,20260326,1
213,20261001,1
213,20261008,1
213,20261015,1
213,20261022,1
213,20261029,1
213,20261105,1
214,20251111,1
214,20251118,1
214,20251125,1
214,20251202,1
214,20251209,1
214,20251216,1
214,20251223,1
214,20251230,1
214,20260106,1
214,20260113,1
214,20260120,1
214,20260127,1
214,20260203,1
214,20260210,1
214,20260217,1
214,20260224,1
214,20260303,1
214,20260310,1
214,20260324,1
214,20260331,1
214,20261006,1
214,20261013,1
214,20261020,1
214,20261027,1
214,20261103,1
214,20261110,1
215,20251112,1
215,20251119,1
215,20251126,1
215,20251203,1
215,20251210,1
215,20251217,1
215,20251224,1
215,20251231,1
215,20260107,1
215,20260114,1
215,20260121,1
215,20260128,1
215,20260204,1
215,20260211,1
215,20260218,1
215,20260225,1
215,20260304,1
215,20260311,1
215,20260318,1
215,20260325,1
215,20261007,1
215,20261014,1
215,20261021,1
215,20261028,1
215,20261104,1
215,20261111,1
216,20260201,1
216,20260405,1
216,20260503,1
216,20260531,1
216,20260802,1
216,20261025,1
217,20260601,1
217,20260602,1
217,20260603,1
217,20260604,1
217,20260605,1
217,20260608,1
217,20260609,1
217,20260610,1
217,20260611,1
217,20260612,1
217,20260615,1
217,20260616,1
217,20260617,1
217,20260618,1
217,20260619,1
217,20260622,1
217,20260623,1
217,20260624,1
217,20260625,1
217,20260626,1
217,20260629,1
217,20260630,1
217,20260701,1
217,20260702,1
217,20260703,1
217,20260706,1
217,20260707,1
217,20260708,1
217,20260709,1
217,20260710,1
217,20260713,1
217,20260714,1
217,20260715,1
217,20260716,1
217,20260717,1
217,20260720,1
217,20260721,1
217,20260722,1
217,20260723,1
217,20260724,1
217,20260727,1
217,20260728,1
217,20260729,1
217,20260730,1
217,20260731,1
217,20260803,1
217,20260804,1
217,20260805,1
217,20260806,1
217,20260807,1
217,20260810,1
217,20260811,1
217,20260812,1
217,20260813,1
217,20260814,1
217,20260817,1
217,20260818,1
217,20260819,1
217,20260820,1
217,20260821,1
217,20260824,1
217,20260825,1
217,20260826,1
217,20260827,1
217,20260828,1
217,20260831,1
217,20260901,1
217,20260902,1
217,20260903,1
217,20260904,1
217,20260907,1
217,20260908,1
217,20260909,1
217,20260910,1
217,20260911,1
217,20260914,1
217,20260915,1
217,20260916,1
217,20260917,1
217,20260918,1
217,20260921,1
217,20260922,1
217,20260923,1
217,20260924,1
217,20260925,1
217,20260928,1
217,20260929,1
217,20260930,1
218,20251225,2
218,20251226,2
218,20260101,2
218,20260202,2
218,20260317,2
218,20260406,2
218,20260504,2
218,20260601,2
218,20260803,2
218,20261026,2
224,20251206,1
299,20260202,2
299,20260406,2
299,20260504,2
300,20260317,2
302,20251225,2
302,20260101,2
303,20251226,2
306,20260202,1
306,20260406,1
306,20260504,1
308,20251206,2
309,20251206,2
310,20251122,2
310,20251206,2
311,20251113,2
312,20251129,2
314,20251206,1
314,20251213,1
315,20251129,2
316,20251117,2
316,20251118,2
316,20251119,2
316,20251120,2
317,20251129,2
318,20251115,2
318,20251122,2
319,20251206,1
319,20251213,1
320,20251206,1
320,20251213,1
321,20251115,2
321,20251122,2
326,20251122,2
329,20251124,1
329,20251125,1
329,20251126,1
329,20251127,1
329,20251128,1
329,20251129,1
330,20251201,1
330,20251202,1
330,20251203,1
330,20251204,1
330,20251205,1
330,20251206,1
331,20251208,1
331,20251209,1
331,20251210,1
331,20251211,1
331,20251212,1
331,20251213,1
336,20251124,1
336,20251125,1
336,20251126,1
336,20251127,1
337,20251201,1
337,20251202,1
337,20251203,1
337,20251204,1
337,20251208,1
337,20251209,1
337,20251210,1
337,20251211,1
341,20251124,1
341,20251125,1
341,20251126,1
342,20251201,1
342,20251202,1
342,20251203,1
343,20251208,1
343,20251209,1
343,20251210,1
346,20251111,1
346,20251112,1
346,20251113,1
346,20251114,1
346,20251115,1
346,20251117,1
346,20251118,1
346,20251119,1
346,20251120,1
346,20251121,1
346,20251122,1
346,20251124,1
346,20251125,1
346,20251126,1
346,20251127,1
346,20251128,1
346,20251129,1
346,20251201,1
346,20251202,1
346,20251203,1
346,20251204,1
346,20251205,1
346,20251206,1
346,20251208,1
346,20251209,1
346,20251210,1
346,20251211,1
346,20251212,1
346,20251213,1
346,20251215,1
346,20251216,1
346,20251217,1
346,20251218,1
346,20251219,1
346,20251220,1
346,20251222,1
346,20251223,1
346,20251224,1
346,20251225,1
346,20251226,1
346,20251227,1
346,20251229,1
346,20251230,1
346,20251231,1
346,20260101,1
346,20260102,1
346,20260103,1
346,20260105,1
346,20260106,1
346,20260107,1
346,20260108,1
346,20260109,1
346,20260110,1
346,20260112,1
346,20260113,1
346,20260114,1
346,20260115,1
346,20260116,1
346,20260117,1
346,20260119,1
346,20260120,1
346,20260121,1
346,20260122,1
346,20260123,1
346,20260124,1
346,20260126,1
346,20260127,1
346,20260128,1
346,20260129,1
346,20260130,1
346,20260131,1
346,20260202,1
346,20260203,1
346,20260204,1
346,20260205,1
346,20260206,1
346,20260207,1
346,20260209,1
346,20260210,1
346,20260211,1
346,20260212,1
346,20260213,1
346,20260214,1
346,20260216,1
346,20260217,1
346,20260218,1
346,20260219,1
346,20260220,1
346,20260221,1
346,20260223,1
346,20260224,1
346,20260225,1
346,20260226,1
346,20260227,1
346,20260228,1
346,20260302,1
346,20260303,1
346,20260304,1
346,20260305,1
346,20260306,1
346,20260307,1
346,20260309,1
346,20260310,1
346,20260311,1
346,20260312,1
346,20260313,1
346,20260314,1
346,20260316,1
346,20260317,1
346,20260318,1
346,20260319,1
346,20260320,1
346,20260321,1
346,20260323,1
346,20260324,1
346,20260325,1
346,20260326,1
346,20260327,1
346,20260328,1
346,20260330,1
346,20260331,1
346,20261102,1
346,20261103,1
346,20261104,1
346,20261105,1
346,20261106,1
346,20261107,1
346,20261109,1
346,20261110,1
346,20261111,1
353,20251111,1
353,20251112,1
353,20251113,1
353,20251114,1
353,20251115,1
353,20251116,1
353,20251117,1
353,20251118,1
353,20251119,1
353,20251120,1
353,20251121,1
353,20251122,1
353,20251123,1
353,20251124,1
353,20251125,1
353,20251126,1
353,20251127,1
353,20251128,1
353,20251129,1
353,20251130,1
353,20251201,1
353,20251202,1
353,20251203,1
353,20251204,1
353,20251205,1
353,20251206,1
353,20251207,1
353,20251208,1
353,20251209,1
353,20251210,1
353,20251211,1
353,20251212,1
353,20251213,1
353,20251214,1
353,20251215,1
353,20251216,1
353,20251217,1
353,20251218,1
353,20251219,1
353,20251220,1
353,20251221,1
353,20251222,1
353,20251223,1
353,20251224,1
353,20251225,1
353,20251226,1
353,20251227,1
353,20251228,1
353,20251229,1
353,20251230,1
353,20251231,1
353,20260101,1
353,20260102,1
353,20260103,1
353,20260104,1
353,20260105,1
353,20260106,1
353,20260107,1
353,20260108,1
353,20260109,1
353,20260110,1
353,20260111,1
353,20260112,1
353,20260113,1
353,20260114,1
353,20260115,1
353,20260116,1
353,20260117,1
353,20260118,1
353,20260119,1
353,20260120,1
353,20260121,1
353,20260122,1
353,20260123,1
353,20260124,1
353,20260125,1
353,20260126,1
353,20260127,1
353,20260128,1
353,20260129,1
353,20260130,1
353,20260131,1
353,20260201,1
353,20260202,1
353,20260203,1
353,20260204,1
353,20260205,1
353,20260206,1
353,20260207,1
353,20260208,1
353,20260209,1
353,20260210,1
353,20260211,1
353,20260212,1
353,20260213,1
353,20260214,1
353,20260215,1
353,20260216,1
353,20260217,1
353,20260218,1
353,20260219,1
353,20260220,1
353,20260221,1
353,20260222,1
353,20260223,1
353,20260224,1
353,20260225,1
353,20260226,1
353,20260227,1
353,20260228,1
353,20260301,1
353,20260302,1
353,20260303,1
353,20260304,1
353,20260305,1
353,20260306,1
353,20260307,1
353,20260308,1
353,20260309,1
353,20260310,1
353,20260311,1
353,20260312,1
353,20260313,1
353,20260314,1
353,20260315,1
353,20260316,1
353,20260317,1
353,20260318,1
353,20260319,1
353,20260320,1
353,20260321,1
353,20260322,1
353,20260323,1
353,20260324,1
353,20260325,1
353,20260326,1
353,20260327,1
353,20260328,1
353,20260329,1
353,20260330,1
353,20260331,1
353,20261101,1
353,20261102,1
353,20261103,1
353,20261104,1
353,20261105,1
353,20261106,1
353,20261107,1
353,20261108,1
353,20261109,1
353,20261110,1
353,20261111,1
361,20260601,2
361,20260602,2
361,20260603,2
361,20260604,2
361,20260605,2
361,20260606,2
361,20260608,2
361,20260609,2
361,20260610,2
361,20260611,2
361,20260612,2
361,20260613,2
361,20260615,2
361,20260616,2
361,20260617,2
361,20260618,2
361,20260619,2
361,20260620,2
361,20260622,2
361,20260623,2
361,20260624,2
361,20260625,2
361,20260626,2
361,20260627,2
361,20260629,2
361,20260630,2
361,20260701,2
361,20260702,2
361,20260703,2
361,20260704,2
361,20260706,2
361,20260707,2
361,20260708,2
361,20260709,2
361,20260710,2
361,20260711,2
361,20260713,2
361,20260714,2
361,20260715,2
361,20260716,2
361,20260717,2
361,20260718,2
361,20260720,2
361,20260721,2
361,20260722,2
361,20260723,2
361,20260724,2
361,20260725,2
361,20260727,2
361,20260728,2
361,20260729,2
361,20260730,2
361,20260731,2
361,20260801,2
361,20260803,2
361,20260804,2
361,20260805,2
361,20260806,2
361,20260807,2
361,20260808,2
361,20260810,2
361,20260811,2
361,20260812,2
361,20260813,2
361,20260814,2
361,20260815,2
361,20260817,2
361,20260818,2
361,20260819,2
361,20260820,2
361,20260821,2
361,20260822,2
361,20260824,2
361,20260825,2
361,20260826,2
361,20260827,2
361,20260828,2
361,20260829,2
361,20260831,2
362,20260604,2
362,20260611,2
362,20260618,2
362,20260625,2
362,20260702,2
362,20260709,2
362,20260716,2
362,20260723,2
362,20260730,2
362,20260806,2
362,20260813,2
362,20260820,2
362,20260827,2
363,20260601,2
363,20260602,2
363,20260603,2
363,20260604,2
363,20260605,2
363,20260608,2
363,20260609,2
363,20260610,2
363,20260611,2
363,20260612,2
363,20260615,2
363,20260616,2
363,20260617,2
363,20260618,2
363,20260619,2
363,20260622,2
363,20260623,2
363,20260624,2
363,20260625,2
363,20260626,2
363,20260629,2
363,20260630,2
363,20260701,2
363,20260702,2
363,20260703,2
363,20260706,2
363,20260707,2
363,20260708,2
363,20260709,2
363,20260710,2
363,20260713,2
363,20260714,2
363,20260715,2
363,20260716,2
363,20260717,2
363,20260720,2
363,20260721,2
363,20260722,2
363,20260723,2
363,20260724,2
363,20260727,2
363,20260728,2
363,20260729,2
363,20260730,2
363,20260731,2
363,20260803,2
363,20260804,2
363,20260805,2
363,20260806,2
363,20260807,2
363,20260810,2
363,20260811,2
363,20260812,2
363,20260813,2
363,20260814,2
363,20260817,2
363,20260818,2
363,20260819,2
363,20260820,2
363,20260821,2
363,20260824,2
363,20260825,2
363,20260826,2
363,20260827,2
363,20260828,2
363,20260831,2
364,20260601,2
364,20260603,2
364,20260605,2
364,20260608,2
364,20260610,2
364,20260612,2
364,20260615,2
364,20260617,2
364,20260619,2
364,20260622,2
364,20260624,2
364,20260626,2
364,20260629,2
364,20260701,2
364,20260703,2
364,20260706,2
364,20260708,2
364,20260710,2
364,20260713,2
364,20260715,2
364,20260717,2
364,20260720,2
364,20260722,2
364,20260724,2
364,20260727,2
364,20260729,2
364,20260731,2
364,20260803,2
364,20260805,2
364,20260807,2
364,20260810,2
364,20260812,2
364,20260814,2
364,20260817,2
364,20260819,2
364,20260821,2
364,20260824,2
364,20260826,2
364,20260828,2
364,20260831,2
365,20260601,2
365,20260608,2
365,20260615,2
365,20260622,2
365,20260629,2
365,20260706,2
365,20260713,2
365,20260720,2
365,20260727,2
365,20260803,2
365,20260810,2
365,20260817,2
365,20260824,2
365,20260831,2
366,20260601,2
366,20260603,2
366,20260604,2
366,20260605,2
366,20260606,2
366,20260608,2
366,20260610,2
366,20260611,2
366,20260612,2
366,20260613,2
366,20260615,2
366,20260617,2
366,20260618,2
366,20260619,2
366,20260620,2
366,20260622,2
366,20260624,2
366,20260625,2
366,20260626,2
366,20260627,2
366,20260629,2
366,20260701,2
366,20260702,2
366,20260703,2
366,20260704,2
366,20260706,2
366,20260708,2
366,20260709,2
366,20260710,2
366,20260711,2
366,20260713,2
366,20260715,2
366,20260716,2
366,20260717,2
366,20260718,2
366,20260720,2
366,20260722,2
366,20260723,2
366,20260724,2
366,20260725,2
366,20260727,2
366,20260729,2
366,20260730,2
366,20260731,2
366,20260801,2
366,20260803,2
366,20260805,2
366,20260806,2
366,20260807,2
366,20260808,2
366,20260810,2
366,20260812,2
366,20260813,2
366,20260814,2
366,20260815,2
366,20260817,2
366,20260819,2
366,20260820,2
366,20260821,2
366,20260822,2
366,20260824,2
366,20260826,2
366,20260827,2
366,20260828,2
366,20260829,2
366,20260831,2
368,20251225,2
368,20251226,2
368,20260101,2
368,20260202,2
368,20260317,2
368,20260406,2
368,20260504,2
368,20260601,2
368,20260803,2
368,20261026,2
370,20260601,2
370,20260602,2
370,20260603,2
370,20260604,2
370,20260605,2
370,20260608,2
370,20260609,2
370,20260610,2
370,20260611,2
370,20260612,2
370,20260615,2
370,20260616,2
370,20260617,2
370,20260618,2
370,20260619,2
370,20260622,2
370,20260623,2
370,20260624,2
370,20260625,2
370,20260626,2
370,20260629,2
370,20260630,2
370,20260701,2
370,20260702,2
370,20260703,2
370,20260706,2
370,20260707,2
370,20260708,2
370,20260709,2
370,20260710,2
370,20260713,2
370,20260714,2
370,20260715,2
370,20260716,2
370,20260717,2
370,20260720,2
370,20260721,2
370,20260722,2
370,20260723,2
370,20260724,2
370,20260727,2
370,20260728,2
370,20260729,2
370,20260730,2
370,20260731,2
370,20260803,2
370,20260804,2
370,20260805,2
370,20260806,2
370,20260807,2
370,20260810,2
370,20260811,2
370,20260812,2
370,20260813,2
370,20260814,2
370,20260817,2
370,20260818,2
370,20260819,2
370,20260820,2
370,20260821,2
370,20260824,2
370,20260825,2
370,20260826,2
370,20260827,2
370,20260828,2
370,20260831,2
371,20260601,1
371,20260602,1
371,20260603,1
371,20260604,1
371,20260605,1
371,20260606,1
371,20260607,1
371,20260608,1
371,20260609,1
371,20260610,1
371,20260611,1
371,20260612,1
371,20260613,1
371,20260614,1
371,20260615,1
371,20260616,1
371,20260617,1
371,20260618,1
371,20260619,1
371,20260620,1
371,20260621,1
371,20260622,1
371,20260623,1
371,20260624,1
371,20260625,1
371,20260626,1
371,20260627,1
371,20260628,1
371,20260629,1
371,20260630,1
371,20260701,1
371,20260702,1
371,20260703,1
371,20260704,1
371,20260705,1
371,20260706,1
371,20260707,1
371,20260708,1
371,20260709,1
371,20260710,1
371,20260711,1
371,20260712,1
371,20260713,1
371,20260714,1
371,20260715,1
371,20260716,1
371,20260717,1
371,20260718,1
371,20260719,1
371,20260720,1
371,20260721,1
371,20260722,1
371,20260723,1
371,20260724,1
371,20260725,1
371,20260726,1
371,20260727,1
371,20260728,1
371,20260729,1
371,20260730,1
371,20260731,1
371,20260801,1
371,20260802,1
371,20260803,1
371,20260804,1
371,20260805,1
371,20260806,1
371,20260807,1
371,20260808,1
371,20260809,1
371,20260810,1
371,20260811,1
371,20260812,1
371,20260813,1
371,20260814,1
371,20260815,1
371,20260816,1
371,20260817,1
371,20260818,1
371,20260819,1
371,20260820,1
371,20260821,1
371,20260822,1
371,20260823,1
371,20260824,1
371,20260825,1
371,20260826,1
371,20260827,1
371,20260828,1
371,20260829,1
371,20260830,1
371,20260831,1
372,20251226,2
373,20251225,2
373,20260101,2
375,20251225,1
375,20251226,1
375,20260101,1
