service_id,monday,tuesday,wednesday,thursday,friday,saturday,sunday,start_date,end_date
1,1,1,1,1,1,0,0,20251110,20251219
2,1,1,1,1,1,1,1,20251110,20260906
3,0,0,0,0,0,0,1,20251116,20260830
4,1,0,0,0,1,0,0,20251110,20260831
5,0,0,0,0,1,0,0,20251114,20260828
6,1,1,1,1,1,1,0,20251110,20260926
7,0,0,0,0,0,0,1,20251116,20260920
8,0,0,0,0,1,0,0,20251114,20260904
9,1,1,1,1,0,0,0,20251110,20260907
10,1,1,1,1,1,1,1,20251110,20260702
11,1,1,1,1,1,0,0,20251110,20260324
12,1,1,1,1,1,0,0,20251110,20261111
13,0,0,0,0,1,0,0,20251114,20261106
14,1,1,1,1,0,0,0,20251110,20261111
15,0,0,0,0,0,1,0,20251115,20261107
16,1,1,1,1,1,1,1,20251110,20261111
17,1,1,1,1,1,1,0,20251110,20261111
18,0,0,0,0,0,0,1,20251116,20261108
19,1,1,1,1,1,1,1,20251110,20260314
20,0,1,0,0,1,0,0,20251111,20261020
21,0,0,0,0,1,1,1,20251114,20261018
22,0,1,0,1,0,0,0,20251111,20261020
23,1,1,1,1,1,1,1,20251110,20261020
24,1,1,1,1,1,1,1,20251110,20260503
25,1,1,1,1,1,0,0,20251110,20260501
26,1,1,1,1,1,0,0,20251110,20261111
27,1,1,1,1,1,1,1,20260301,20261111
28,1,1,1,1,1,0,0,20251110,20260724
29,0,0,0,0,0,1,0,20251115,20260725
30,0,0,0,0,0,0,1,20251116,20260719
31,1,1,1,1,1,1,0,20251110,20260725
32,1,1,1,1,1,0,0,20251110,20260123
33,1,1,1,1,1,1,1,20251110,20260123
34,1,0,0,0,0,0,0,20251110,20251117
35,0,1,0,0,0,0,0,20251111,20251118
36,0,0,1,0,0,0,0,20251112,20251119
37,0,0,0,1,0,0,0,20251113,20251120
38,0,0,0,0,1,0,0,20251114,20251114
39,0,0,0,0,0,1,0,20251115,20251115
40,0,0,0,0,0,0,1,20251116,20251116
41,1,0,0,0,0,0,0,20251110,20251110
42,0,1,0,0,0,0,0,20251111,20251111
43,0,0,0,0,0,0,1,20251116,20261108
44,0,0,0,0,1,0,0,20251114,20261106
45,1,1,1,1,1,0,0,20251110,20261111
46,1,1,1,1,0,0,0,20251110,20261111
47,0,0,0,0,0,0,0,20251225,20261026
48,1,0,0,0,0,0,0,20251110,20261109
49,1,1,1,1,1,0,0,20251110,20261111
50,0,0,0,0,1,0,0,20251114,20261106
51,0,0,0,0,0,1,1,20251115,20261108
52,0,0,0,0,0,0,1,20251116,20261108
53,1,0,0,0,0,0,0,20251110,20261109
54,0,1,1,1,1,0,0,20251111,20261111
55,0,0,0,0,0,0,0,20260202,20261026
56,0,0,0,0,0,1,0,20251115,20251227
57,0,0,0,0,0,0,1,20251116,20251228
58,1,1,1,1,1,1,1,20251110,20260109
59,1,1,1,1,1,0,0,20251110,20260109
60,0,0,0,0,0,1,0,20251115,20260103
61,0,0,0,0,0,0,1,20251116,20260104
62,0,0,0,0,0,0,0,20251208,20251224
63,1,1,1,1,1,1,0,20251110,20261111
64,0,0,0,0,0,0,0,20251225,20261026
65,0,0,0,0,1,1,0,20251114,20261107
66,0,0,0,0,0,1,0,20251115,20261107
67,0,0,0,0,0,0,0,20260602,20260930
68,0,0,0,0,0,0,0,20260606,20260926
69,0,0,0,0,0,0,0,20260607,20260927
70,0,0,0,0,0,0,0,20260601,20260803
71,1,1,1,1,1,0,0,20251110,20261111
72,0,0,0,0,0,0,1,20251116,20261108
73,0,1,0,0,0,0,0,20251111,20261110
74,0,0,0,1,0,0,0,20251113,20261105
75,1,1,1,1,1,0,0,20251110,20261111
76,0,0,0,0,0,1,0,20251115,20261107
77,1,1,1,1,1,1,1,20251110,20260415
78,1,0,0,0,1,1,1,20251110,20260413
79,0,0,0,1,1,0,0,20251113,20261106
80,0,0,0,0,0,1,0,20251115,20260418
81,1,0,0,0,0,0,0,20251110,20260413
82,0,1,0,0,0,0,0,20251111,20260414
83,0,0,1,0,0,0,0,20251112,20260415
84,0,0,0,1,0,0,0,20251113,20260416
85,0,0,0,0,1,0,0,20251114,20260417
86,0,0,0,0,0,0,0,20251223,20260407
87,0,0,0,0,0,0,0,20251224,20260408
88,0,0,0,0,0,0,0,20260219,20260409
89,0,0,0,0,0,0,0,20260102,20260410
90,0,0,0,0,0,0,0,20251222,20260330
91,0,0,0,0,0,0,1,20251116,20260412
92,0,0,0,0,0,0,0,20260202,20260406
93,0,0,0,0,0,0,0,20251226,20251226
94,0,0,0,0,0,0,0,20260101,20260101
95,0,0,0,0,0,0,0,20260317,20260317
96,0,0,0,0,0,1,0,20251122,20251122
98,0,0,0,0,0,1,0,20251115,20251213
99,0,0,0,0,0,0,1,20251116,20251207
100,1,0,0,0,0,0,0,20251117,20251117
102,0,0,0,0,1,0,0,20251114,20251212
104,0,0,0,0,0,1,0,20251122,20251213
106,0,0,0,0,0,1,0,20251115,20251213
107,1,1,1,0,1,1,0,20251110,20261111
108,1,1,1,1,1,0,0,20251110,20260810
109,0,0,0,0,0,1,1,20251115,20260809
110,1,1,1,1,1,1,1,20251110,20260810
111,1,1,1,1,1,1,0,20251110,20260810
112,0,0,0,0,0,0,1,20251116,20260809
113,0,0,0,0,0,1,0,20251115,20260808
114,1,1,1,1,1,0,1,20251110,20261111
115,0,0,0,0,0,0,0,20251110,20261111
116,1,1,1,1,1,0,0,20260302,20261111
117,0,0,0,0,0,0,0,20251114,20261106
118,0,0,0,0,0,0,0,20251115,20261108
119,0,0,0,0,0,0,0,20251225,20260317
120,0,0,0,0,0,1,1,20260301,20261108
121,0,0,0,0,0,0,0,20260701,20260831
122,0,0,0,0,0,0,0,20251110,20261111
123,0,0,0,0,0,0,0,20260317,20261026
124,0,0,0,0,1,0,0,20251114,20251121
125,1,0,0,0,0,0,0,20251124,20260105
126,0,1,0,0,0,0,0,20251125,20260106
127,0,0,1,0,0,0,0,20251126,20260107
128,0,0,0,1,0,0,0,20251127,20251218
129,0,0,0,0,1,0,0,20251128,20260102
130,0,0,0,0,0,0,0,20251224,20251224
131,0,0,0,1,0,0,0,20260108,20260423
132,0,0,0,0,1,0,0,20260109,20260424
133,1,0,0,0,0,0,0,20260112,20260427
134,0,1,0,0,0,0,0,20260113,20260421
135,0,0,1,0,0,0,0,20260114,20260422
136,0,0,0,0,0,1,0,20251115,20251122
137,0,0,0,0,0,1,0,20251129,20260103
138,0,0,0,0,0,1,0,20260110,20260425
139,0,0,0,0,0,0,1,20251123,20260104
140,0,0,0,0,0,0,1,20260111,20260426
141,0,0,0,0,0,0,0,20251216,20260421
142,0,0,0,0,0,0,0,20251217,20260422
143,0,0,0,0,0,0,0,20251218,20260423
144,0,0,0,0,0,1,0,20251115,20260425
145,0,0,0,0,0,0,0,20251121,20260424
146,0,0,1,0,0,0,0,20251112,20260318
147,0,1,0,0,0,0,0,20251111,20260310
148,1,0,0,0,0,0,0,20251110,20260316
149,0,0,0,0,1,0,0,20251114,20260320
150,0,0,0,1,0,0,0,20251113,20260319
151,0,0,0,0,0,0,0,20251215,20260420
152,0,0,0,0,0,1,0,20251227,20260314
153,0,0,0,0,0,0,1,20251116,20260426
154,0,0,0,0,1,0,0,20251114,20261106
155,1,1,1,1,1,0,0,20251110,20261111
156,1,1,1,1,1,0,0,20251110,20251211
157,0,0,0,0,0,1,0,20251115,20251206
158,0,0,0,0,1,0,0,20251114,20251205
159,1,1,1,1,1,0,1,20251110,20251211
160,0,0,1,0,0,0,0,20251112,20261111
161,1,1,0,0,0,0,0,20251110,20251111
162,1,1,1,1,1,0,0,20251110,20251117
163,1,1,1,1,1,1,0,20251110,20251117
164,1,1,1,1,1,0,0,20251118,20261111
165,0,0,0,0,0,1,0,20251122,20261107
166,1,1,1,1,1,1,0,20251118,20261111
167,1,0,0,0,0,0,0,20251110,20261109
168,0,0,0,0,0,0,1,20251116,20261108
169,0,0,0,1,0,0,0,20251113,20261105
170,0,1,0,0,0,0,0,20251111,20261110
171,0,0,0,1,0,0,0,20251113,20261105
172,0,0,0,1,0,0,0,20251113,20251113
173,0,0,1,0,0,0,0,20251112,20251112
174,0,0,0,0,1,0,0,20251121,20261106
175,1,0,0,0,0,0,0,20251117,20261109
176,0,0,0,0,0,0,1,20251123,20261108
177,0,0,0,1,0,0,0,20251120,20261105
178,0,1,0,0,0,0,0,20251118,20261110
179,0,0,1,0,0,0,0,20251119,20261111
180,0,0,0,0,1,0,0,20251114,20261106
181,1,0,0,0,0,0,0,20251110,20261109
182,0,0,0,1,0,0,0,20251113,20261105
183,0,1,0,0,0,0,0,20251111,20261110
184,0,0,1,0,0,0,0,20251112,20261111
185,0,0,0,0,0,0,1,20251116,20261108
186,0,0,0,0,0,0,1,20251116,20261108
187,0,0,0,0,0,0,0,20260501,20260925
188,0,0,0,0,0,0,0,20260511,20260928
189,0,0,0,0,0,0,0,20260502,20260926
190,0,0,0,0,0,0,0,20260503,20260927
191,0,0,0,0,0,0,0,20260507,20260924
192,0,0,0,0,0,0,0,20260505,20260929
193,0,0,0,0,0,0,0,20260506,20260930
194,0,0,0,0,1,0,0,20251114,20261106
195,1,0,0,0,0,0,0,20251110,20261109
196,0,0,0,0,0,1,0,20251115,20261107
197,0,0,0,0,0,0,1,20251116,20261108
198,0,0,0,1,0,0,0,20251113,20261105
199,0,1,0,0,0,0,0,20251111,20261110
200,0,0,1,0,0,0,0,20251112,20261111
201,0,0,0,0,0,0,0,20260705,20260830
202,0,0,0,0,1,0,0,20260403,20260925
203,0,0,0,0,0,0,0,20260413,20260928
204,0,0,0,0,0,1,0,20260404,20260926
205,0,0,0,0,0,0,1,20260405,20260927
206,0,0,0,1,0,0,0,20260402,20260924
207,0,1,0,0,0,0,0,20260407,20260929
208,0,0,1,0,0,0,0,20260401,20260930
209,0,0,0,0,0,0,0,20251114,20261106
210,0,0,0,0,0,0,0,20251110,20261109
211,0,0,0,0,0,1,0,20251115,20261107
212,0,0,0,0,0,0,1,20251116,20261108
213,0,0,0,0,0,0,0,20251113,20261105
214,0,0,0,0,0,0,0,20251111,20261110
215,0,0,0,0,0,0,0,20251112,20261111
216,0,0,0,0,0,0,0,20260201,20261025
217,0,0,0,0,0,0,0,20260601,20260930
218,1,1,1,1,1,1,1,20251110,20261111
224,0,0,0,0,0,0,0,20251206,20251206
298,0,1,0,0,1,0,0,20251111,20261110
299,1,0,0,0,0,0,0,20251124,20260518
300,0,1,0,0,0,0,0,20251125,20260519
301,0,0,1,0,0,0,0,20251126,20260520
302,0,0,0,1,0,0,0,20251127,20260521
303,0,0,0,0,1,0,0,20251121,20260522
304,0,0,0,0,0,1,0,20251122,20260523
305,0,0,0,0,0,0,1,20251123,20260517
306,0,0,0,0,0,0,0,20260202,20260504
307,1,1,1,1,1,0,0,20251111,20251212
308,0,0,0,0,0,1,0,20251115,20251213
309,0,0,0,0,0,1,0,20251122,20251213
310,0,0,0,0,0,1,0,20251115,20251213
311,1,1,1,1,1,0,0,20251111,20251212
312,1,1,1,1,1,1,0,20251111,20251213
313,1,1,1,1,1,1,0,20251111,20251213
314,0,0,0,0,0,0,0,20251206,20251213
315,1,1,1,1,0,1,0,20251111,20251213
316,1,1,1,1,1,1,0,20251114,20251213
317,0,0,0,0,0,1,0,20251115,20251213
318,1,1,1,1,1,1,0,20251111,20251213
319,1,1,1,1,0,0,0,20251111,20251213
320,1,1,1,1,1,0,0,20251111,20251213
321,1,1,1,1,0,1,0,20251111,20251213
322,1,1,1,1,0,0,0,20251124,20251211
323,0,1,1,1,0,0,0,20251111,20251113
324,1,1,1,1,0,0,0,20251117,20251120
325,1,1,1,1,0,1,0,20251111,20251213
326,1,1,1,1,1,1,0,20251111,20251213
327,0,1,1,1,1,1,0,20251111,20251115
328,1,1,1,1,1,1,0,20251117,20251122
329,0,0,0,0,0,0,0,20251124,20251129
330,0,0,0,0,0,0,0,20251201,20251206
331,0,0,0,0,0,0,0,20251208,20251213
332,1,1,1,1,0,0,0,20251111,20251211
333,0,1,1,0,0,0,0,20251111,20251112
334,1,0,0,0,0,0,0,20251117,20251208
335,0,1,1,1,1,0,0,20251111,20251212
336,0,0,0,0,0,0,0,20251124,20251127
337,0,0,0,0,1,1,0,20251114,20251213
338,0,0,0,0,1,1,0,20251114,20251213
339,0,0,0,1,1,1,0,20251113,20251213
340,1,1,1,0,0,0,0,20251117,20251119
341,0,0,0,0,0,0,0,20251124,20251126
342,0,0,0,0,0,0,0,20251201,20251203
343,0,0,0,0,0,0,0,20251208,20251210
344,1,1,1,1,1,1,1,20251111,20261111
345,1,1,1,1,1,1,0,20251111,20261111
346,0,0,0,0,0,0,0,20251111,20261111
347,1,1,1,1,1,0,0,20251111,20261111
348,0,0,0,0,1,0,1,20251114,20261108
349,1,1,1,1,1,1,1,20260401,20261031
350,1,0,0,0,0,1,1,20251115,20261109
351,0,0,0,0,1,1,1,20251114,20261108
352,0,0,0,0,0,0,1,20260405,20261025
353,0,0,0,0,0,0,0,20251111,20261111
354,1,0,1,1,0,1,1,20251112,20261111
355,0,0,1,1,0,1,1,20251112,20261111
356,1,1,0,0,1,0,0,20251111,20261110
357,1,1,1,1,1,1,1,20251111,20260826
358,1,1,1,1,1,0,0,20251111,20260826
359,0,0,0,0,1,0,0,20251114,20260821
360,0,0,0,0,0,0,1,20251116,20260823
361,1,1,1,1,1,1,0,20251111,20261111
362,0,0,0,1,0,0,0,20251113,20261105
363,1,1,1,1,1,0,0,20251111,20261111
364,1,0,1,0,1,0,0,20251112,20261111
365,1,0,0,0,0,0,0,20251117,20261109
366,1,0,1,1,1,1,0,20251112,20261111
367,1,1,1,1,1,0,0,20251112,20261111
368,1,1,1,1,1,0,0,20251112,20261111
369,1,1,1,1,1,1,1,20251112,20261111
370,1,1,1,1,1,0,0,20251112,20261111
371,0,0,0,0,0,0,0,20260601,20260831
372,0,0,0,0,1,0,0,20251114,20260206
373,1,1,1,1,0,0,0,20251112,20260205
374,0,0,0,0,0,1,0,20251115,20260207
375,0,0,0,0,0,0,1,20251116,20260201
